{
  "advancedEditorSelectedIdentifier" : "ProjectBrowser",
  "openSceneRelativePaths" : [
    "glasses.usda"
  ],
  "recentIdentifiers" : {
    "76E30F98-AA8E-4B5F-A671-61507BDBD094" : [

    ],
    "C7F3A30E-E9F6-46A4-8691-975B2E3AE36B" : [

    ]
  },
  "sceneCameraHistory" : {
    "76E30F98-AA8E-4B5F-A671-61507BDBD094" : [
      {
        "date" : 748964376.152354,
        "title" : "Untitled",
        "transform" : [
          0.99994725,
          2.0241209e-10,
          0.010268984,
          0,
          0.0072612683,
          0.7071069,
          -0.70706946,
          0,
          -0.0072612697,
          0.70710677,
          0.70706964,
          0,
          -0.005944937,
          0.7612791,
          0.7634161,
          1
        ]
      },
      {
        "date" : 748964363.619527,
        "title" : "Untitled",
        "transform" : [
          0.99994725,
          2.0241209e-10,
          0.010268984,
          0,
          0.0072612683,
          0.7071069,
          -0.70706946,
          0,
          -0.0072612697,
          0.70710677,
          0.70706964,
          0,
          -0.00075810775,
          0.097079515,
          0.09735203,
          1
        ]
      },
      {
        "date" : 748964360.071568,
        "title" : "Untitled",
        "transform" : [
          0.99994725,
          0,
          0.010268984,
          0,
          0.0072612683,
          0.7071069,
          -0.70706946,
          0,
          -0.0072612697,
          0.70710677,
          0.7070696,
          0,
          -0.023879305,
          2.3253808,
          2.3252587,
          1
        ]
      }
    ],
    "C7F3A30E-E9F6-46A4-8691-975B2E3AE36B" : [
      {
        "date" : 748964165.977577,
        "title" : "Untitled",
        "transform" : [
          0.9772223,
          -3.9431747e-10,
          0.21221797,
          0,
          0.20650025,
          0.23056316,
          -0.95089334,
          0,
          -0.048929643,
          0.9730573,
          0.22531143,
          0,
          -0.0005812279,
          0.8455257,
          0.1801971,
          1
        ]
      },
      {
        "date" : 748964159.269373,
        "title" : "Untitled",
        "transform" : [
          0.9803226,
          -1.6485306e-09,
          0.19740228,
          0,
          0.19208376,
          0.23056316,
          -0.9539101,
          0,
          -0.045513693,
          0.9730573,
          0.22602631,
          0,
          -4.4144144,
          96.48322,
          25.913374,
          1
        ]
      },
      {
        "date" : 748964157.091675,
        "title" : "Untitled",
        "transform" : [
          0.9803226,
          -1.6485306e-09,
          0.19740228,
          0,
          0.19208376,
          0.23056316,
          -0.9539101,
          0,
          -0.045513693,
          0.9730573,
          0.22602631,
          0,
          -4.414414,
          96.48321,
          25.913372,
          1
        ]
      },
      {
        "date" : 748964142.005971,
        "title" : "Untitled",
        "transform" : [
          0.9803226,
          -1.6485306e-09,
          0.19740228,
          0,
          0.19208376,
          0.23056316,
          -0.9539101,
          0,
          -0.045513693,
          0.9730573,
          0.22602631,
          0,
          -0.16973121,
          3.709714,
          0.9963514,
          1
        ]
      },
      {
        "date" : 748964139.046602,
        "title" : "Untitled",
        "transform" : [
          0.9803226,
          -1.6485306e-09,
          0.19740228,
          0,
          0.19208376,
          0.23056316,
          -0.9539101,
          0,
          -0.045513693,
          0.9730573,
          0.22602631,
          0,
          -0.62084866,
          13.354304,
          3.236654,
          1
        ]
      },
      {
        "date" : 748964128.586029,
        "title" : "Untitled",
        "transform" : [
          0.9803226,
          -1.6485306e-09,
          0.19740228,
          0,
          0.19208376,
          0.23056316,
          -0.9539101,
          0,
          -0.045513693,
          0.9730573,
          0.22602631,
          0,
          -1.9033581,
          40.940773,
          9.922727,
          1
        ]
      },
      {
        "date" : 748964094.336263,
        "title" : "Untitled",
        "transform" : [
          0.9901542,
          -2.5543443e-09,
          0.13998103,
          0,
          0.12511213,
          0.4485073,
          -0.88497925,
          0,
          -0.06278251,
          0.8937792,
          0.44409147,
          0,
          -2.6631038,
          37.912262,
          18.837435,
          1
        ]
      }
    ],
    "E3643E68-2D49-4607-8E53-A15A39F49BD9" : [
      {
        "date" : 748964230.05023,
        "title" : "Untitled",
        "transform" : [
          1,
          0,
          0,
          0,
          0,
          0.7071069,
          -0.70710677,
          0,
          0,
          0.70710677,
          0.7071069,
          0,
          0,
          1.7796528,
          1.7796538,
          1
        ]
      },
      {
        "date" : 748964218.914286,
        "title" : "Untitled",
        "transform" : [
          1,
          0,
          0,
          0,
          0,
          0.7071069,
          -0.70710677,
          0,
          0,
          0.70710677,
          0.7071069,
          0,
          0,
          11.414408,
          11.414409,
          1
        ]
      }
    ]
  },
  "sceneViewportBackgroundColors" : {

  },
  "selectedSceneRelativePath" : "glasses.usda"
}